 * NODES * 
66
138
162
1
1
180
163
1
1
221
159
1
1
272
158
1
1
321
159
1
1
367
157
1
1
413
159
1
1
464
156
1
1
138
197
1
1
179
200
1
1
221
196
1
1
272
196
1
1
321
194
1
1
370
196
1
1
414
196
1
1
461
197
1
1
134
236
1
1
179
238
1
1
219
237
1
1
270
237
1
1
321
238
1
1
371
238
1
1
417
238
1
1
461
239
1
1
138
275
1
1
183
277
1
1
273
278
1
1
326
279
1
1
378
283
1
1
422
287
1
1
468
288
1
1
224
279
1
1
481
156
1
2
122
162
1
2
138
317
1
1
182
316
1
1
224
315
1
1
273
316
1
1
326
318
1
1
379
320
1
1
424
318
1
1
472
322
1
1
470
368
1
1
425
361
1
1
324
354
1
1
273
356
1
1
226
353
1
1
182
352
1
1
141
354
1
1
144
390
1
1
184
388
1
1
228
391
1
1
275
395
1
1
327
398
1
1
371
398
1
1
423
400
1
1
373
356
1
1
470
407
1
1
148
433
1
1
191
433
1
1
231
434
1
1
278
436
1
1
326
438
1
1
373
433
1
1
423
437
1
1
469
442
1
1
 * SPRINGS * 
114
2
1
42.01190307520001
0.5
2
3
41.19465984809196
0.5
33
8
17
1
34
1
16
1
3
4
51.0098029794274
0.5
4
5
49.01020301937138
0.5
5
6
46.04345773288535
0.5
6
7
46.04345773288535
0.5
7
8
51.0881590977792
0.5
8
16
41.10960958218893
0.5
16
24
42
0.5
24
31
49.49747468305833
0.5
31
30
46.01086828130936
0.5
30
29
44.181444068749045
0.5
28
29
52.15361924162119
0.5
28
27
53.009433122794285
0.5
27
32
49.01020301937138
0.5
26
32
41.048751503547585
0.5
26
25
45.044422518220834
0.5
25
17
39.20459156782532
0.5
17
9
39.20459156782532
0.5
9
1
35
0.5
10
18
38
0.5
18
19
40.01249804748511
0.5
18
17
45.044422518220834
0.5
9
10
41.10960958218893
0.5
2
10
37.013511046643494
0.5
19
32
42.2965719651132
0.5
18
26
39.20459156782532
0.5
19
11
41.048751503547585
0.5
11
3
37
0.5
10
11
42.190046219457976
0.5
12
11
51
0.5
20
19
51
0.5
20
12
41.048751503547585
0.5
12
4
38
0.5
27
20
41.10960958218893
0.5
5
13
35
0.5
13
21
44
0.5
22
29
45.5411901469428
0.5
23
30
49.25444142409901
0.5
15
23
42.1070065428546
0.5
15
16
47.01063709417264
0.5
7
15
37.013511046643494
0.5
21
22
50
0.5
22
14
42.01190307520001
0.5
6
14
39.11521443121589
0.5
14
13
49.04079934095691
0.5
13
12
49.04079934095691
0.5
21
20
51.0098029794274
0.5
21
28
41.30375285612676
0.5
14
15
44
0.5
22
23
46
0.5
23
24
44.01136216933077
0.5
25
35
42
0.5
26
36
39.01281840626232
0.5
32
37
36
0.5
27
38
38
0.5
28
39
39
0.5
29
40
37.013511046643494
0.5
30
41
31.064449134018133
0.5
31
42
34.23448553724738
0.5
42
41
48.16637831516918
0.5
41
40
45.044422518220834
0.5
40
39
53.03772242470448
0.5
39
38
53.03772242470448
0.5
38
37
49.01020301937138
0.5
37
36
42.01190307520001
0.5
35
36
44.01136216933077
0.5
35
49
37.12142238654117
0.5
49
48
41.048751503547585
0.5
36
48
36
0.5
48
47
44.01136216933077
0.5
47
37
38.05259518088089
0.5
38
46
40
0.5
47
46
47.095647357266465
0.5
46
45
51.03920062069938
0.5
45
57
49.04079934095691
0.5
57
44
52.23983154643591
0.5
44
43
45.5411901469428
0.5
41
44
43.01162633521314
0.5
42
43
46.04345773288535
0.5
40
57
36.49657518178932
0.5
39
45
36.05551275463989
0.5
50
51
40.049968789001575
0.5
51
52
44.10215414239989
0.5
52
53
47.16990566028302
0.5
53
54
52.08646657242167
0.5
54
55
44
0.5
55
56
52.03844732503075
0.5
58
56
47.51841748206689
0.5
66
65
46.2709412050371
0.5
64
65
50.15974481593781
0.5
64
63
47.265209192385896
0.5
63
62
48.041648597857254
0.5
62
61
47.042533945356304
0.5
61
60
40.01249804748511
0.5
60
59
43
0.5
59
50
43.18564576337837
0.5
50
49
36.12478373637688
0.5
48
51
36.05551275463989
0.5
51
60
45.5411901469428
0.5
47
52
38.05259518088089
0.5
52
61
43.104524124504614
0.5
46
53
39.05124837953327
0.5
45
54
44.10215414239989
0.5
54
63
40.01249804748511
0.5
62
53
41.10960958218893
0.5
57
55
42.04759208325728
0.5
44
56
39.05124837953327
0.5
55
64
35.05709628591621
0.5
56
65
37
0.5
58
43
39
0.5
66
58
35.014282800023196
0.5
 * BOXES * 
0
