 * NODES * 
115
270
265
1
1
270
215
1
1
295
190
1
1
370
215
1
1
370
265
1
1
345
190
1
1
295
290
1
1
345
290
1
1
220
190
1
1
220
290
1
1
420
190
1
1
420
290
1
1
270
140
1
1
370
140
1
1
370
340
1
1
270
340
1
1
138
13
1
2
616
15
1
2
190
12
1
1
239
12
1
1
291
14
1
1
336
15
1
1
382
15
1
1
427
16
1
1
479
16
1
1
527
15
1
1
578
16
1
1
581
47
1
1
531
44
1
1
483
44
1
1
428
45
1
1
384
43
1
1
340
43
1
1
291
45
1
1
238
41
1
1
191
40
1
1
584
74
1
1
535
72
1
1
484
75
1
1
426
72
1
1
384
73
1
1
338
71
1
1
286
69
1
1
187
68
1
1
239
69
1
1
505
198
1
2
502
256
1
2
523
226
1
1
549
226
1
1
579
227
1
1
610
227
1
1
524
199
1
1
547
203
1
1
581
201
1
1
608
205
1
1
521
252
1
1
548
253
1
1
578
255
1
1
605
256
1
1
22
141
1
2
49
172
1
2
80
204
1
2
109
230
1
2
22
171
1
1
48
204
1
1
82
232
1
1
111
262
1
1
7
201
1
1
31
201
1
1
30
228
1
1
57
228
1
1
57
258
1
1
88
263
1
1
92
292
1
1
122
294
1
1
505
465
1
2
649
463
1
2
531
464
1
1
564
464
1
1
594
462
1
1
625
461
1
1
532
494
1
1
532
520
1
1
567
491
1
1
565
520
1
1
596
490
1
1
600
521
1
1
628
490
1
1
636
519
1
1
678
71
1
2
611
110
1
2
613
139
1
1
685
108
1
1
681
154
20
1
612
178
20
1
627
354
1
1
665
353
1
1
660
395
1
1
276
49
10
1
257
83
10
1
461
75
1
1
439
51
1
1
602
390
10
1
567
427
10
1
630
37
1
1
597
31
1
1
600
61
1
1
169
137
1
1
201
143
1
1
184
173
1
1
61
396
1
1
33
384
1
1
37
413
1
1
42
335
1
1
80
354
1
1
 * SPRINGS * 
151
2
3
35.35533905932738
0.5
2
1
50
0.5
3
6
50
0.5
4
6
35.35533905932738
0.5
4
5
50
0.5
1
7
35.35533905932738
0.5
5
8
35.35533905932738
0.5
7
8
50
0.5
16
15
100
0.5
15
12
70.71067811865476
0.5
12
11
100
0.5
11
14
70.71067811865476
0.5
16
10
70.71067811865476
0.5
14
13
100
0.5
13
9
70.71067811865476
0.5
10
9
100
0.5
2
9
55.90169943749474
0.5
3
13
55.90169943749474
0.5
4
11
55.90169943749474
0.5
5
12
55.90169943749474
0.5
6
14
55.90169943749474
0.5
1
10
55.90169943749474
0.5
16
7
55.90169943749474
0.5
15
8
55.90169943749474
0.5
2
13
75
0.5
1
9
90.13878188659972
0.5
3
14
90.13878188659972
0.5
6
11
75
0.5
4
12
90.13878188659972
0.5
5
15
75
0.5
8
16
90.13878188659972
0.5
7
10
75
0.5
2
14
125
0.5
3
11
125
0.5
6
12
125
0.5
4
15
125
0.5
5
16
125
0.5
8
10
125
0.5
7
9
125
0.5
1
13
125
0.5
2
10
90.13878188659972
0.5
3
9
75
0.5
6
13
90.13878188659972
0.5
4
14
75
0.5
5
11
90.13878188659972
0.5
8
12
75
0.5
7
15
90.13878188659972
0.5
1
16
75
0.5
18
27
38.01315561749642
0.5
27
26
51.0098029794274
0.5
26
25
48.010415536631214
0.5
25
24
52
0.5
24
23
45.0111097397076
0.5
23
22
46
0.5
22
21
45.0111097397076
0.5
21
20
52.03844732503075
0.5
20
19
49
0.5
19
17
52.009614495783374
0.5
19
36
28.0178514522438
0.5
21
34
31
0.5
35
20
29.017236257093817
0.5
22
33
28.284271247461906
0.5
23
32
28.0713376952364
0.5
24
31
29.017236257093817
0.5
25
30
28.284271247461906
0.5
26
29
29.274562336608895
0.5
27
28
31.144823004794873
0.5
28
37
27.16615541441225
0.5
29
38
28.284271247461906
0.5
30
39
31.016124838541646
0.5
32
41
30
0.5
33
42
28.0713376952364
0.5
34
43
24.515301344262525
0.5
35
45
28.0178514522438
0.5
36
44
28.284271247461906
0.5
31
40
27.073972741361768
0.5
52
46
19.026297590440446
0.5
56
47
19.4164878389476
0.5
48
52
27.018512172212592
0.5
48
56
26.076809620810597
0.5
56
57
27.018512172212592
0.5
57
58
30.066592756745816
0.5
58
59
27.018512172212592
0.5
59
51
29.42787793912432
0.5
51
55
22.09072203437452
0.5
55
54
27.29468812791236
0.5
54
53
34.058772731852805
0.5
53
52
23.345235059857504
0.5
54
50
26.076809620810597
0.5
53
49
23.08679276123039
0.5
49
57
27.018512172212592
0.5
50
58
28.0178514522438
0.5
50
51
31
0.5
49
50
30.01666203960727
0.5
48
49
26
0.5
60
64
30
0.5
61
65
32.01562118716424
0.5
66
62
28.0713376952364
0.5
63
67
32.0624390837628
0.5
67
74
35.510561809129406
0.5
74
75
30.066592756745816
0.5
67
75
33.83784863137726
0.5
66
73
31.575306807693888
0.5
66
72
36.069377593742864
0.5
72
73
31.400636936215164
0.5
65
71
25.632011235952593
0.5
71
70
27
0.5
70
65
30
0.5
69
64
31.32091952673165
0.5
64
68
33.54101966249684
0.5
68
69
24
0.5
77
81
24.08318915758459
0.5
80
81
31.016124838541646
0.5
80
79
30.066592756745816
0.5
79
78
33
0.5
78
76
26.019223662515376
0.5
78
82
30.01666203960727
0.5
83
82
26
0.5
83
85
33
0.5
85
87
35.014282800023196
0.5
89
87
36.05551275463989
0.5
85
84
29.068883707497267
0.5
84
79
27.16615541441225
0.5
80
86
28.0713376952364
0.5
86
87
31.25699921617557
0.5
81
88
29.154759474226505
0.5
88
89
30.083217912982647
0.5
82
84
35.12833614050059
0.5
84
86
29.017236257093817
0.5
86
88
32
0.5
91
92
29.068883707497267
0.1
92
95
39.01281840626232
0.1
90
93
37.656340767525464
0.1
93
94
46.17358552246078
0.1
95
94
73.05477397131553
1
98
97
42.2965719651132
0.1
96
97
38.01315561749642
0.1
96
98
52.630789467763066
0.1
99
100
38.948684188300895
1
102
101
32.55764119219941
0.5
103
104
50.93132631298737
0.1
107
105
38.41874542459709
1
106
105
33.54101966249684
1
106
107
30.14962686336267
1
108
110
39
0.5
110
109
34.48187929913333
0.5
109
108
32.55764119219941
0.5
111
113
29.410882339705484
0.5
113
112
29.274562336608895
0.5
111
112
30.463092423455635
0.5
115
114
42.485291572496
0.1
 * BOXES * 
4
145
245
177
11
45
464
481
181
11
-45
607
86
180
13
-30
124
460
90
17
-60
