 * NODES * 
27
343
33
1
1
307
93
10
1
337
114
10
1
312
19
1
1
230
27
1
1
305
127
10
1
320
50
1
1
436
70
1
1
543
101
1
1
492
115
10
1
568
117
1
1
500
84
10
1
428
43
1
1
464
89
10
1
570
91
1
1
402
59
1
1
264
39
1
1
239
64
1
1
528
151
1
1
559
155
1
1
541
177
1
1
388
86
1
1
418
106
1
1
373
115
1
1
549
22
1
1
514
43
1
1
550
54
1
1
 * SPRINGS * 
27
9
15
28.792360097775937
0.5
11
15
26.076809620810597
0.5
9
11
29.68164415931166
0.5
12
14
36.345563690772494
0.1
14
10
38.2099463490856
0.1
10
12
32.01562118716424
0.1
8
16
35.73513677041127
0.1
16
13
30.528675044947494
0.1
13
8
28.16025568065745
0.1
1
7
28.600699292150185
0.5
7
4
32.01562118716424
0.5
4
1
34.0147027033899
0.5
2
6
34.058772731852805
1
6
3
34.539832078341085
1
3
2
36.61966684720111
1
18
5
38.07886552931954
1
17
5
36.05551275463989
1
17
18
35.35533905932738
1
20
19
31.25699921617557
0.5
19
21
29.068883707497267
0.5
20
21
28.42534080710379
0.5
22
24
32.64965543462902
0.5
24
23
45.89117562233506
0.5
23
22
36.05551275463989
0.5
26
25
40.8166632639171
0.5
25
27
32.01562118716424
0.5
27
26
37.64306044943742
0.5
 * BOXES * 
8
226
104
83
15
45
348
200
87
13
-45
228
302
86
14
45
355
395
91
14
-45
215
501
100
13
45
457
207
95
14
45
585
330
91
14
-45
458
467
85
13
45
