 * NODES * 
16
407
25
1
2
441
25
1
1
472
25
1
1
502
25
1
1
538
24
1
1
569
24
1
1
600
24
1
1
631
25
1
1
658
24
1
1
658
47
1
1
659
72
1
1
658
103
1
1
654
131
1
1
653
158
1
1
650
185
1
1
648
212
1
1
 * SPRINGS * 
15
1
2
34
0.5
2
3
31
0.5
3
4
30
0.5
4
5
36.013886210738214
0.5
5
6
31
0.5
6
7
31
0.5
7
8
31.016124838541646
0.5
8
9
27.018512172212592
0.5
9
10
23
0.5
10
11
25.019992006393608
0.5
12
11
31.016124838541646
0.5
12
13
28.284271247461906
0.5
13
14
27.018512172212592
0.5
14
15
27.16615541441225
0.5
16
15
27.073972741361768
0.5
 * BOXES * 
8
226
104
83
15
45
348
200
87
13
-45
228
302
86
14
45
355
395
91
14
-45
215
501
100
13
45
457
207
95
14
45
585
330
91
14
-45
458
467
85
13
45
