 * NODES * 
12
270
240
1
1
370
240
1
1
320
190
1
1
220
190
1
1
420
190
1
1
220
290
1
1
270
340
1
1
220
390
1
1
420
290
1
1
370
340
1
1
320
390
1
1
420
390
1
1
 * SPRINGS * 
36
1
2
100
0.5
1
3
70.7106781006
0.5
2
3
70.7106781006
0.5
1
4
70.7106781006
0.5
2
5
70.7106781006
0.5
4
3
100
0.5
3
5
100
0.5
1
6
70.7106781006
0.5
1
7
100
0.5
4
6
100
0.5
2
10
100
0.5
12
11
100
0.5
12
10
70.7106781006
0.5
2
9
70.7106781006
0.5
10
9
70.7106781006
0.5
12
9
100
0.5
9
5
100
0.5
11
10
70.7106781006
0.5
11
7
70.7106781006
0.5
10
7
100
0.5
11
8
100
0.5
8
7
70.7106781006
0.5
6
7
70.7106781006
0.5
6
8
100
0.5
1
5
158.113876343
0.5
2
4
158.113876343
0.5
1
8
158.113876343
0.5
7
4
158.113876343
0.5
2
12
158.113876343
0.5
10
5
158.113876343
0.5
7
12
158.113876343
0.5
10
8
158.113876343
0.5
3
9
141.421356201
0.5
6
3
141.421356201
0.5
6
11
141.421356201
0.5
9
11
141.421356201
0.5
