 * NODES * 
26
270
240
1
1
270
190
1
1
295
165
1
1
345
165
1
1
370
190
1
1
370
240
1
1
295
265
1
1
345
265
1
1
295
140
1
1
245
190
1
1
265
115
1
1
220
155
1
1
230
125
1
1
265
215
1
1
375
215
1
1
320
160
1
1
320
270
1
1
225
180
1
1
285
120
1
1
395
190
1
1
345
140
1
1
355
120
1
1
375
115
1
1
415
180
1
1
410
125
1
1
425
155
1
1
 * SPRINGS * 
62
2
3
35.3553390503
0.40000000596
3
16
25.495098114
0.40000000596
16
4
25.495098114
0.40000000596
4
5
35.3553390503
0.40000000596
5
15
25.495098114
0.40000000596
15
6
25.495098114
0.40000000596
6
8
35.3553390503
0.40000000596
8
17
25.495098114
0.40000000596
17
7
25.495098114
0.40000000596
7
1
35.3553390503
0.40000000596
1
14
25.495098114
0.40000000596
14
2
25.495098114
0.40000000596
2
10
25
0.40000000596
10
18
22.3606796265
0.40000000596
18
12
25.495098114
0.40000000596
12
13
31.6227760315
0.40000000596
13
11
36.4005508423
0.40000000596
11
19
20.6155281067
0.40000000596
9
19
22.3606796265
0.40000000596
9
3
25
0.40000000596
26
25
33.5410194397
0.40000000596
25
23
36.4005508423
0.40000000596
23
22
20.6155281067
0.40000000596
22
21
22.3606796265
0.40000000596
21
4
25
0.40000000596
26
24
26.9258232117
0.40000000596
24
20
22.3606796265
0.40000000596
20
5
25
0.40000000596
2
6
111.803398132
0.40000000596
3
8
111.803398132
0.40000000596
4
7
111.803398132
0.40000000596
5
1
111.803398132
0.40000000596
14
15
110
0.40000000596
16
17
110
0.40000000596
22
24
84.8528137207
0.40000000596
25
5
76.321685791
0.40000000596
25
4
76.321685791
0.40000000596
2
13
76.321685791
0.40000000596
3
13
76.321685791
0.40000000596
18
19
84.8528137207
0.40000000596
2
19
71.5891036987
0.40000000596
3
18
71.5891036987
0.40000000596
4
24
71.5891036987
0.40000000596
5
22
71.5891036987
0.40000000596
26
21
81.3941040039
0.40000000596
9
12
76.4852905273
0.40000000596
10
11
77.6208724976
0.40000000596
23
20
77.6208724976
0.40000000596
2
5
100
0.40000000596
3
4
50
0.40000000596
6
1
100
0.40000000596
7
8
50
0.40000000596
3
7
100
0.40000000596
2
1
50
0.40000000596
4
8
100
0.40000000596
5
6
50
0.40000000596
2
12
61.0327796936
0.40000000596
3
11
58.3095207214
0.40000000596
4
23
58.3095207214
0.40000000596
5
26
65.192024231
0.40000000596
11
12
60.2079734802
0.40000000596
26
23
64.0312423706
0.40000000596
