 * NODES * 
20
297.5
290
1
1
342.5
290
1
1
297.5
245
1
1
342.5
245
1
1
297.5
200
1
1
342.5
200
1
1
275
155
1
1
320
155
1
1
365
155
1
1
320
110
1
1
275
110
1
1
365
110
1
1
320
65
1
1
275
335
1
1
320
335
1
1
365
335
1
1
275
380
1
1
320
380
1
1
365
380
1
1
320
425
1
1
 * SPRINGS * 
47
20
19
63.6396102905
0.5
20
17
63.6396102905
0.5
19
18
45
0.5
18
17
45
0.5
20
18
45
0.5
19
16
45
0.5
18
15
45
0.5
17
14
45
0.5
19
15
63.6396102905
0.5
18
14
63.6396102905
0.5
18
16
63.6396102905
0.5
17
15
63.6396102905
0.5
16
15
45
0.5
15
14
45
0.5
16
2
50.3115310669
0.5
1
2
45
0.5
15
2
50.3115310669
0.5
1
15
50.3115310669
0.5
1
14
50.3115310669
0.5
1
3
45
0.5
2
4
45
0.5
1
4
63.6396102905
0.5
2
3
63.6396102905
0.5
3
4
45
0.5
3
5
45
0.5
4
6
45
0.5
4
5
63.6396102905
0.5
3
6
63.6396102905
0.5
6
5
45
0.5
6
9
50.3115310669
0.5
8
6
50.3115310669
0.5
8
5
50.3115310669
0.5
7
5
50.3115310669
0.5
7
8
45
0.5
8
9
45
0.5
7
11
45
0.5
8
10
45
0.5
9
12
45
0.5
7
10
63.6396102905
0.5
8
12
63.6396102905
0.5
8
11
63.6396102905
0.5
9
10
63.6396102905
0.5
10
11
45
0.5
10
12
45
0.5
10
13
45
0.5
11
13
63.6396102905
0.5
12
13
63.6396102905
0.5
