 * NODES * 
16
270
265
1
1
270
215
1
1
295
190
1
1
370
215
1
1
370
265
1
1
345
190
1
1
295
290
1
1
345
290
1
1
220
190
1
1
220
290
1
1
420
190
1
1
420
290
1
1
270
140
1
1
370
140
1
1
370
340
1
1
270
340
1
1
 * SPRINGS * 
48
2
3
35.3553390503
0.5
2
1
50
0.5
3
6
50
0.5
4
6
35.3553390503
0.5
4
5
50
0.5
1
7
35.3553390503
0.5
5
8
35.3553390503
0.5
7
8
50
0.5
16
15
100
0.5
15
12
70.7106781006
0.5
12
11
100
0.5
11
14
70.7106781006
0.5
16
10
70.7106781006
0.5
14
13
100
0.5
13
9
70.7106781006
0.5
10
9
100
0.5
2
9
55.9016990662
0.5
3
13
55.9016990662
0.5
4
11
55.9016990662
0.5
5
12
55.9016990662
0.5
6
14
55.9016990662
0.5
1
10
55.9016990662
0.5
16
7
55.9016990662
0.5
15
8
55.9016990662
0.5
2
13
75
0.5
1
9
90.1387786865
0.5
3
14
90.1387786865
0.5
6
11
75
0.5
4
12
90.1387786865
0.5
5
15
75
0.5
8
16
90.1387786865
0.5
7
10
75
0.5
2
14
125
0.5
3
11
125
0.5
6
12
125
0.5
4
15
125
0.5
5
16
125
0.5
8
10
125
0.5
7
9
125
0.5
1
13
125
0.5
2
10
90.1387786865
0.5
3
9
75
0.5
6
13
90.1387786865
0.5
4
14
75
0.5
5
11
90.1387786865
0.5
8
12
75
0.5
7
15
90.1387786865
0.5
1
16
75
0.5
 * BOXES *
2
300
500
200
25
45
600
500
200
25
-45
